0
774
930
538
302
318
232
202
186
268
266
274
300
286
306
354
398
1044
870
600
588
590
3642
816
802
1432
890
948
964
124
100
126
250
410
488
398
374
550
854
594
666
680
664
688
714
712
738
912
780
778
976
894
910
938
38490
1020
1094
1106
1104
1148
1154
1190
1242
1308
1310
8612
1464
1418
1480
1488
1552
1566
1598
1600
1616
1710
1712
1730
1738
11516
1800
1780
1810
1980
2028
2040
2056
2040
2052
2072
2108
2090
2088
2112
2122
5006
2332
2282
2306
2364
2412
2590
9292
2850
2700
2694
2698
2702
2876
2890
2954
2976
3068
3098
3154
3232
3474
3482
5000
3598
3624
3594
3700
3746
3746
3800
3810
3812
3828
3834
3848
3908
3892
3960
3944
3986
4004
4008
4006
4034
4268
4394
4398
4394
4428
4484
1306
156
196
156
114
144
138
142
140
50
106
332
72
88
796
42
350
328
142
478
146
192
278
50
44952
174
112
164
180
184
15362
272
222
224
292
266
354
360
476
462
488
490
492
506
598
590
602
630
634
662
666
730
720
742
736
740
742
794
788
850
842
908
886
888
1082
1014
1030
1114
1088
1182
1190
1208
1260
1238
1296
1278
1304
1344
1388
1456
1476
1450
1476
1532
1552
1578
1572
1572
1572
1596
1616
1636
1636
1806
1768
1770
1772
1800
1804
1858
1848
1876
2026
2016
2012
2020
2030
2044
2090
2082
2124
2172
2168
2348
2312
2330
2606
2568
2712
3792
2724
2738
2778
13764
4366
2824
2824
2946
2976
2964
3110
3162
3118
3134
3138
3186
3314
3226
3310
3272
3292
3308
3322
13620
5116
3368
3464
3460
3440
3456
3492
3494
3510
3512
3534
3690
3652
3818
3786
3778
3778
3876
3860
3898
3904
3892
4134
4158
4174
4250
4200
4340
4306
4308
4302
4340
4336
4372
4366
4498
4468
4556
12214
6798
4634
4614
4718
4770
5050
4954
4960
8116
6588
5114
5100
5096
5174
5194
5198
5204
5294
5496
5626
5694
5834
6042
5994
6082
6164
6166
6260
6342
6356
6360
6388
6390
18624
8628
6592
6674
7150
7238
7436
7686
7724
7858
8106
8204
8280
8276
8274
8442
8386
8534
8620
8642
8678
13340
9898
9120
9396
9284
9554
9402
9504
9480
9562
9794
9988
10048
10058
15052
10440
10116
10158
10186
10188
10334
15094
10790
10634
10672
10694
14206
10812
10786
10942
11090
11088
11138
11158
11192
11246
11372
11394
11390
11394
14588
11554
11484
11500
11518
11516
11520
11566
11560
11576
11608
11704
11698
11724
11712
11740
11792
11862
11886
11904
11894
11996
12076
12116
12220
12236
12256
12228
12246
12492
12566
12592
12630
12692
12672
12698
12782
12832
12926
12940
12962
12984
13016
13056
13152
13282
13394
13358
13420
13480
13522
13550
13616
13618
88
86
1442
520
816
384
342
366
384
476
518
594
638
652
904
680
786
750
816
810
778
844
952
956
1490
1094
1108
1106
1200
1940
1282
1288
1620
1580
2622
1528
108
72
62
234
556
218
78
202
176
168
188
74
646
72
112
270
104
52
308
286
320
862
194
252
634
248
358
126
112
186
156
192
198
684
298
370
284
290
282
20230
18588
734
436
488
478
588
540
620
608
642
632
664
8994
1026
798
772
772
972
920
918
930
930
1044
1024
1106
1080
1186
1176
1184
1280
1342
1352
1368
1408
1422
1416
1412
9910
2310
1424
1518
8418
1946
1530
1526
1634
8206
2454
1758
1748
1794
1798
8306
2358
1880
1886
1932
1960
1950
1966
1962
2046
2118
2112
7714
3208
7972
3062
2278
2312
2312
2392
2372
2460
2480
2486
2478
2568
7806
3626
2640
2618
2672
2704
2698
2762
2908
2930
2908
3130
3054
3060
3080
3134
3142
3246
3310
7186
4120
6674
4076
3470
3468
3534
3558
3560
3556
3550
3538
3638
3624
3756
3724
3728
3788
6616
4962
3864
4028
4024
4014
4042
4058
4372
4238
4298
4324
4346
4354
4352
4394
4410
4412
4438
4584
4490
4546
4536
4562
4576
4572
4642
4626
4784
4706
4720
4808
4866
4874
6498
5992
4978
5162
5174
5200
5256
5358
5308
5310
5334
5474
5580
5628
5584
5754
5688
5790
5766
5804
6042
5868
5872
6024
6530
6924
6282
6284
6302
6336
6528
6438
6502
146
160
112
150
228
162
178
140
214
182
312
484
374
340
394
390
476
412
22720
702
600
620
588
610
636
640
714
742
722
732
902
864
872
860
866
866
894
908
930
14428
1444
974
1036
1148
1582
1140
1166
1198
1268
1274
1316
1348
1310
9872
2090
1396
9874
2172
1480
1468
1478
1492
1522
1598
1628
1612
1724
1820
1900
1844
10134
11222
3014
2048
9446
3250
2218
2208
2198
2206
2246
2244
2242
2246
2312
2292
2290
2374
2340
2394
2390
2404
2386
2408
2464
2448
2472
2460
9348
3772
2528
2612
2564
2674
2632
2634
2720
2728
2748
2736
8862
4106
2786
2820
2836
9082
4294
2912
2914
2936
3008
2982
3000
3064
3060
3038
3128
3242
3206
3248
3312
3322
8702
4956
3322
3368
3446
3444
3456
3474
3534
3546
3612
3600
3614
3620
3616
3768
3822
3798
3794
3826
3836
3966
3896
9162
6222
4108
4154
4138
4180
4188
4192
8616
6352
4326
4414
8096
6532
4502
4468
4496
4498
4510
4682
4750
4946
4894
4986
5112
5068
5092
5106
5130
5110
8600
7496
5268
5234
5286
5316
5308
5366
5362
5370
5418
5536
5530
5534
5544
5554
5538
5566
5556
5622
5652
5620
7746
8260
5882
5870
7760
8372
6208
6170
6292
6446
6444
6560
11326
8932
8852
7182
7116
7228
7362
7572
7864
7962
8362
8578
8592
8618
9048
9386
90
128
144
138
164
314
258
316
304
380
1060
490
486
494
49276
946
544
558
614
646
658
662
754
782
798
788
838
880
862
862
890
892
1004
936
956
970
1000
974
976
1052
1072
1078
1106
1104
1246
1258
1228
1230
1284
1268
1266
1272
1336
1496
1428
1526
1494
1514
1564
1574
1572
1576
1624
1748
1706
1820
1800
2544
1838
1862
20172
2970
1984
1980
20758
3070
2020
2072
2054
2088
2090
2162
19814
3378
2236
20318
3434
2486
2444
2450
2438
20440
3970
2546
2580
2608
2674
2646
2646
2630
2684
2654
2708
2770
2856
2840
2946
3008
3014
3102
3164
3138
3216
3178
3238
3308
3304
3318
3392
3396
3392
3484
3424
3468
3692
3698
3740
3750
3766
3798
3844
3844
19904
6058
3996
4034
4036
4094
4104
4156
4132
4162
4166
4236
4252
4250
4314
4336
4308
4348
4374
4418
4792
4736
4714
4714
4730
4740
4820
4824
4842
4844
4862
4870
4878
4894
4960
5122
5128
5076
5154
5154
9508
5560
5228
5190
5234
5250
5246
5322
5622
5718
5558
5574
5698
5680
5690
22026
8224
5960
6082
5980
5966
6086
6078
6282
6712
6878
6722
6772
6876
7112
7718
7986
7834
7860
7778
7840
7918
8050
8320
8200
8248
8340
8340
8308
8304
8290
8318
8352
8376
8412
8532
8516
19962
9738
9364
9408
9442
9574
9692
9730
9998
10172
10174
10204
10414
10486
10560
10554
10554
10580
10596
20588
10812
10778
10796
20216
10844
10956
10992
11178
11302
11764
11742
11972
14856
12258
12096
12114
12140
12126
12116
12160
12228
12280
12348
12342
12436
12476
12496
12736
12792
12768
12806
12768
12830
12840
12912
12980
12938
13164
13206
13248
13350
13346
13348
13314
13360
13606
13634
13732
13724
13746
13766
13810
13860
13878
20012
13978
13984
20712
14214
14176
14270
14304
14362
14404
14422
14428
14470
14464
27470
14970
14600
14570
14596
14706
14746
14950
14798
14908
14934
15008
15002
15040
19996
15454
15302
15316
15294
15298
15324
15488
15572
15574
15572
15816
15842
15884
15962
15998
16036
16190
16192
16192
16190
16256
16278
16352
16408
16362
16420
16490
16486
16474
16502
16572
16616
16662
21198
16780
16736
16860
16880
16884
16914
16934
16992
17030
17034
17026
17164
20374
17312
17262
17238
17288
17326
17376
17430
17434
17472
17498
17492
17490
17678
19338
17706
17690
17690
17764
17792
17778
17796
17906
18104
18104
18100
18216
18218
18422
18432
21416
18736
18746
19428
18838
18896
18966
18988
19080
20348
19192
56
84
76
142
148
238
202
288
322
488
384
402
498
446
560
1896
678
728
682
952
746
1048
1054
816
934
954
944
954
976
1140
1074
1082
1100
1094
1120
1126
1136
1220
62576
1868
1382
1330
1346
1350
1352
30244
2096
1510
1598
1590
1602
1658
1728
1712
1992
1966
1960
1968
2160
2130
2124
2230
2242
2384
2510
2436
2446
2454
2508
2490
2502
2498
2496
2490
2494
2584
2606
2618
2606
2610
2638
2646
2658
2760
2746
2738
2828
2830
2884
2872
2942
2948
2952
2956
2960
2982
3034
3030
3114
3096
3108
3112
3142
3124
3142
3124
3132
3130
3150
3154
3184
3248
3334
3274
7088
3372
3426
3434
28060
5542
3650
28048
30100
5640
3708
3778
3812
3814
3832
3992
3972
4008
4034
4080
4154
4148
4190
4168
4302
4232
4280
4306
4466
4488
4602
4596
4632
4734
4702
4734
4830
31374
7358
4958
5008
5016
5040
5058
8650
5054
5056
5114
5106
5298
7548
5208
5316
5388
5392
27078
7854
5554
5534
5536
5734
5684
5696
5760
5854
5898
6070
27700
8632
6448
6522
25936
8606
6586
6620
6552
6656
6808
6692
6752
6758
7016
26120
9056
7210
7262
7496
7896
7934
28658
9404
8354
26846
9410
8390
8476
8882
9012
9364
9394
9442
9468
9468
9482
9524
9498
27732
9784
9662
9778
10064
10170
10254
10322
10356
10374
13482
10586
10402
10412
10470
10472
29326
10836
28970
10816
10790
10834
10876
10880
10870
10860
10956
11030
11068
11074
11090
11068
11082
11206
11216
11460
11512
11550
11602
11588
11594
11618
11628
11694
11732
11766
11738
11832
11822
11850
11918
11970
11962
11970
12000
12092
12140
12236
28456
12284
12274
12318
12480
12632
12644
12676
12650
12684
28842
12866
16238
13050
12852
12860
12956
12962
12970
13082
13092
13166
13298
13372
13360
13338
13360
13424
13506
28162
13552
13570
13648
13658
13676
13800
13682
13670
13850
13926
14074
14032
29590
14238
14166
14160
14278
14330
14376
14412
14534
14528
14530
14496
14504
14552
14600
14608
14582
14884
14934
15014
15032
15070
18048
15396
15352
15336
27128
15360
15322
15388
15492
15538
15568
30724
15796
15742
15782
15798
15852
15882
15868
15834
15862
16046
16066
16136
16094
16088
16212
16268
16328
16308
16274
16378
16406
16466
16450
16456
16516
16738
16848
28844
17202
27352
17226
17184
20772
17484
17466
17464
17466
27854
17776
17598
17682
17708
17756
27178
17792
17784
17840
27434
17960
17932
17980
18038
18046
18024
18108
18228
18304
18288
18376
18490
18604
18584
18570
18596
18622
18694
18794
18744
18936
19014
18984
19044
22816
19272
19136
19180
19228
19226
19202
19190
19242
19250
19210
29136
19508
19378
19336
19350
19464
19546
19488
19654
19630
19724
19860
19850
19898
19976
19988
26764
20032
20044
20044
20004
20068
20130
20130
20144
20166
20198
23258
20504
20382
20506
26884
20484
20512
20594
27510
20608
20610
20630
20614
20728
20892
20938
20900
20908
20958
21162
21066
21058
21084
21120
21126
21176
21206
21236
21212
21240
21290
21480
21456
21648
21676
21684
24412
21974
22026
21948
21952
22090
22098
28754
22434
22378
22616
22546
22620
22686
22642
22710
22808
22872
22954
22990
23172
23154
23302
23184
23210
23176
23252
23328
23334
23330
23382
23534
23498
26374
23626
23560
23536
23756
23780
23800
23758
23856
23830
23788
23852
23890
23940
23966
24104
24254
24200
24272
24438
24390
24438
24538
24542
24564
24658
24682
24622
24676
24694
24692
27532
24990
24774
24708
25006
25072
25042
25154
26494
25238
25222
25272
27582
25364
25354
25362
25356
25412
25560
25530
25620
25646
25594
25610
25656
25606
25630
25854
25750
25722
28688
26106
25864
25898
26012
25960
316
106
160
182
178
614
414
386
394
424
430
450
698
704
762
604
588
596
684
646
742
684
688
860
1372
866
854
930
940
948
948
46096
1524
1050
1022
1030
26098
1778
1054
1058
1094
23606
1738
1186
22214
1938
1298
1332
1348
1380
1364
1372
1390
1552
1590
1654
1632
1638
23286
2542
1688
1828
1864
1864
1890
1906
2100
2096
2100
2162
2302
2968
2378
2382
2372
2406
22074
3862
2512
2496
2500
2792
2692
2696
2726
2730
2872
2794
2822
2808
2806
2836
2840
2868
2916
2948
2950
2952
2964
2966
3018
3102
3064
3154
3224
3228
3240
22154
5304
3342
3412
3362
3362
3424
3422
3608
3642
3644
3650
3650
3716
3710
3712
3748
3730
3742
3804
3826
3826
3808
21206
5834
3910
3944
3986
4066
4080
4088
4118
4198
4186
4180
4374
4384
4554
4552
4562
4546
4594
4636
4756
4752
21370
7068
4852
8268
5748
5336
5300
5142
5148
5230
5296
5306
5386
5430
5356
5456
5518
20328
7886
5596
5794
5960
6136
6228
6448
6428
6392
6482
6944
6956
6870
6898
6970
6862
7132
7204
8028
7984
7980
8098
8168
8278
8540
21886
9534
9164
9238
9286
9358
9422
9386
9420
9528
9606
9620
9672
9670
9678
9790
9834
9856
9860
9942
10088
10162
10152
10178
10252
10382
10516
10668
10712
10762
10836
10848
23234
11212
11174
11170
11206
11288
11338
11356
11364
11390
11406
11432
14480
11634
11482
11520
23444
11670
11528
11562
22074
11742
11754
11740
11738
11746
11782
11812
11834
11838
11838
11840
11858
11880
11882
11932
24400
12330
12124
12186
12238
12402
12410
12464
12452
12536
12578
12608
12632
12666
12704
12718
12730
12772
12802
12796
12810
22062
13044
13056
13112
13132
13140
13278
13416
13434
13508
13556
13608
16450
13836
13812
13912
13918
13918
13952
14006
14066
21592
14170
14146
14108
14300
14274
14294
14330
14354
14380
14412
14482
14512
14476
14476
14586
14652
14748
14666
14768
14790
14886
15072
15042
15024
15114
15160
22902
15300
15172
22224
15436
15344
15418
15408
15506
15562
15574
15544
15646
15686
18794
15828
15754
15768
15800
15828
15854
15928
15912
15924
15986
16070
16060
16058
16146
16316
16382
16424
16436
16480
16498
16616
16628
16580
16566
16624
16666
16650
16686
21534
16842
17042
17014
17014
17044
17106
17158
17312
17106
17252
17302
17284
17254
17396
17456
20566
18020
17804
17804
18028
18082
18096
18068
18166
18190
18220
18364
18420
18508
21802
18722
18584
18614
18834
18916
18896
18922
18972
19058
19086
19256
19300
19366
19316
19306
19400
19628
19702
19720
20788
20050
20030
20008
20900
20114
22972
20360
20254
20338
20340
20388
20398
21408
20498
20458
20506
118
156
124
160
132
152
154
282
318
296
370
356
362
406
518
456
494
1148
622
628
566
612
584
656
690
692
692
750
902
94762
1402
864
834
832
886
878
938
934
972
1004
984
996
988
1016
1086
1296
1256
1286
1362
1490
1460
1496
1488
1506
1536
1584
1570
1588
1622
50176
2686
1718
1730
43616
3184
1842
1878
1902
1888
1948
1932
1978
1984
1974
1960
1976
1994
1996
1984
2020
2016
2054
2044
2060
2140
2130
2154
2146
2164
2200
2196
2202
2332
2284
2290
2298
2328
2312
2334
2384
2398
2420
43942
3848
2508
2532
2562
2650
2778
2698
2772
2762
2940
2924
2912
2942
2928
2968
2952
2992
2974
2972
3030
3056
3072
3142
3156
3174
3238
3268
3236
3366
3342
3368
3372
3426
3426
3522
5040
3508
3524
3558
3650
3706
3704
3704
3702
3704
7104
4110
3854
3848
3846
3916
3972
4078
4022
4050
4154
4142
4170
4164
4198
4222
4264
4256
4260
4292
4292
4342
4342
4328
4352
4338
4354
4480
4456
4468
4652
4604
4732
4806
4912
4894
4838
4870
4872
4888
4960
5038
5060
5068
5096
5222
5200
5224
5230
5332
5378
5390
5462
5486
5546
5518
5540
43886
8172
5910
5876
6084
6032
6066
6090
6192
6146
6200
6174
6204
6262
6272
6356
6342
6334
6342
6538
6574
6568
6620
6626
6800
6786
6762
6862
6914
7004
7070
7452
7670
8092
8814
9098
44090
9658
9362
44268
9622
9548
43466
9816
9800
9802
13006
10010
10078
10106
10100
10128
10188
10202
10232
10236
10258
10304
10314
10342
10390
10420
10454
10478
10598
10558
10548
10558
10578
10598
10642
10666
10736
10820
10812
10910
10926
11014
11028
11148
11204
11174
11174
11226
11278
11294
11352
11364
11374
11390
11440
11538
11556
11612
11666
11852
11868
11916
11972
12014
12044
12074
12080
12058
12124
12122
44366
44068
12226
68056
12658
12648
12712
12746
12718
12750
13038
13124
13100
13178
13058
48218
14310
13098
13192
13182
13244
13284
13362
13358
13358
13366
49800
13292
13188
13236
13298
13372
13388
13436
13428
13442
13484
13482
13492
13474
13474
13500
13528
13660
13682
13700
13790
13912
14006
14048
14286
14546
14604
14774
14830
18248
15108
43000
15108
45976
15114
15068
15256
15252
15296
15340
15396
15448
15480
15500
15492
15546
15640
15848
15654
15684
15708
15748
15752
15792
15812
15846
43326
16196
15984
16086
16114
16098
16070
16070
16160
16194
16178
16166
16180
16294
16352
19252
16486
16390
16414
16454
16496
16480
16594
16684
16728
16760
16842
16830
16860
16888
16988
44646
17394
17188
17130
17152
17206
17220
17320
17320
17332
17476
17532
44954
17874
17704
17658
17682
17710
17804
17844
17858
17876
17964
18136
18130
21318
18340
18342
18362
18336
18360
18370
18436
18436
18392
18474
18552
18590
18642
18662
18770
18820
43568
19184
19038
19044
19088
19130
19252
19266
19242
19238
19320
19424
19424
19446
19502
19540
19600
43680
19968
19756
23012
20004
43118
20260
20184
20280
20298
20270
20334
20420
20414
20390
20398
20446
42312
20646
20642
20640
20610
20626
20706
20732
20808
20810
24850
21428
21370
21408
21472
21452
21436
45904
22010
21954
25308
22412
21982
21932
22002
21974
24496
21002
21084
21056
21178
21212
21282
21342
21446
21484
25316
22030
22046
22100
22160
22144
22188
22292
22488
22448
22470
22558
22552
22564
43232
22780
25856
22308
25486
22472
22468
22490
22500
22492
22582
22640
22656
22706
22756
22758
22788
22926
23030
22968
23048
23098
23182
23300
23516
23430
23410
23396
42206
23782
23460
23528
42788
23808
26432
23938
40798
24032
23898
23934
23980
24068
24046
42104
24372
24206
24294
24244
24246
24270
24276
24346
24336
24512
24460
24410
28552
25100
25116
25222
25274
25206
25274
28142
25546
25368
25426
25382
25362
25500
28778
24912
24996
25120
25194
29038
25880
25846
25864
26006
25958
25980
26200
33094
26140
26220
30096
26794
26914
26872
27156
26986
26948
53752
26762
30144
26082
26054
26170
26226
26190
26214
26270
26196
26282
26412
26386
26534
26604
26588
26676
26900
26866
26834
27008
27034
27038
27104
27136
27122
27182
29904
27320
27462
27502
27558
27646
27650
27592
27724
27750
27718
27896
28142
28118
28180
28248
28434
28672
28688
28618
28706
28874
28788
28968
28918
28930
31704
29288
29188
29232
29124
29344
29628
29466
29526
29594
29616
29720
29682
43074
30012
29776
29824
29846
29782
29934
29912
30000
30062
30058
30068
33080
30316
30252
30240
30330
30546
30482
30526
30610
30488
30540
30612
30742
30862
30868
30872
30990
30992
42266
31310
31028
31106
31102
31278
34004
31424
31558
42054
31928
31652
31726
42878
31866
31676
31762
31708
31824
31802
41476
32238
31870
32008
31964
32062
32110
32074
44372
32492
32258
32368
32272
41176
32530
32414
32444
32440
32526
32688
41092
32938
32710
41390
37514
33632
33608
33704
33712
33732
36794
33908
33846
33828
33828
36918
33420
33200
33206
33194
33336
33246
33418
33366
33426
33586
33398
33534
33532
33596
33648
33586
45984
34050
33860
33846
41486
34230
34012
34090
34032
34132
34156
34144
34222
34230
34366
34404
34458
34518
34514
34644
34610
34676
38990
40490
35178
34936
35020
34924
35124
35166
35190
35338
35406
35474
35366
35486
35528
35494
35666
35578
35690
35706
35728
39872
35924
35884
35908
36050
35906
36014
36060
36122
36106
36062
36142
36088
41344
36322
36282
40762
36512
36374
36408
39506
36788
36704
36718
36932
36850
36830
39658
36874
36940
36934
37012
36944
37052
37530
37482
37414
37630
39976
37724
40816
38044
37862
37798
37904
37936
38022
37960
38016
38010
42448
39008
39062
39046
39096
39170
39210
39238
42462
41214
38556
38500
38646
38650
38678
38968
38972
39058
38996
96
110
42116
232
286
224
16752
454
366
394
492
446
466
462
616
570
602
682
654
674
672
686
740
736
768
818
808
860
862
890
968
924
990
974
1024
1054
1062
1064
1062
1206
1144
18258
1960
1214
1244
1262
1248
1280
1354
1396
15750
2314
1522
1610
1594
1744
1700
1692
1698
1726
1772
1806
1836
1974
1922
1936
2032
2080
16140
3204
2120
2210
2170
2162
2258
2318
2284
2318
2394
2452
2416
2446
2456
2434
2486
2494
2562
2696
2624
2638
2674
2656
2666
2670
2760
2770
2762
2774
2784
2788
2950
2870
2894
2896
2908
2908
2934
2946
2944
2936
14794
4432
2980
2992
2992
3076
3100
3130
3132
3124
3202
3198
3238
3226
3222
14322
5004
3332
3316
6360
3572
3392
3406
3412
3408
3428
3470
3498
3498
3504
3502
3566
3564
3548
3584
3566
3578
3644
3754
3766
3734
3814
3822
3832
3854
3850
3898
3898
3900
3900
3910
3938
3954
4032
3978
4002
3996
4020
4060
4068
4094
14546
6342
4170
4260
4272
4400
4362
13948
6496
4376
4390
4504
4462
4488
4530
4734
4636
4672
4692
4772
4784
4768
4758
15842
7202
4952
13694
7148
4990
4920
5012
5150
5272
5292
5372
5400
5436
5484
13996
7872
5804
5918
5816
5846
5964
6000
6032
6286
14320
8454
6586
6600
6640
6836
6996
7024
7156
7176
7174
7358
7352
7478
7578
7640
9134
7784
7780
7890
7870
7926
7888
8062
8374
8378
8496
8688
8938
9040
9184
9198
11932
9472
9344
9392
9504
9518
9604
9652
9636
9650
9638
9706
9730
9756
9744
9766
9774
9824
9886
9914
9928
9952
9946
15084
15890
10152
10150
10142
10148
10174
10286
10426
10442
10432
10474
10482
10574
10592
10620
10638
10762
10668
10726
10774
10804
10836
15164
10890
10914
10908
11066
11092
11164
11316
11316
11368
11494
11496
11542
11584
11594
11628
11638
11668
11782
11846
11924
11924
11980
14576
12200
12042
12108
12160
12310
12388
12432
12430
12490
12480
12516
12596
12680
12702
12826
12900
12982
13004
13004
12996
13034
13086
13158
13208
13326
13310
13352
13396
13528
13522
13582
14806
13828
14082
14236
14730
14360
14298
15704
14426
14446
14464
14446
14468
14594
14636
14666
54
178
216
226
212
44876
504
314
318
426
432
466
524
510
524
702
606
636
756
726
19622
1156
796
794
804
860
870
1056
1018
20590
1690
1258
1240
1218
1240
1356
1366
1358
1368
1364
1356
1386
1384
19774
2112
1416
1454
1426
1446
1444
1514
1744
1710
1682
1740
1738
1846
1884
1906
1878
1888
1896
1982
2132
2084
2076
2134
2124
2148
2200
2224
2240
2254
2436
2422
2406
2470
2522
2532
17582
3808
2682
2622
2694
2694
2708
2750
2788
2744
2746
2790
18032
4204
2778
2872
2828
2862
2870
2864
2876
2914
3062
3054
3030
3058
3098
3082
3284
3250
3284
3306
3412
3360
3362
3370
3476
3502
3508
3558
3658
3638
3636
3644
3644
16602
5760
5442
3834
3858
3880
3970
3974
4034
4018
4192
4214
4282
4398
4428
4418
4382
4416
4386
4408
4454
4494
4478
4502
4584
4600
4732
4710
4714
4732
4662
4730
4670
4768
4900
16040
19002
7164
4974
5046
5024
5052
5062
18106
7448
5156
5258
5288
5352
5344
5356
5372
5384
5434
5464
5464
5582
5636
5614
5610
5620
5612
5632
5704
5750
5746
5874
6150
6384
6406
6390
17720
11122
7064
6532
6672
6544
6660
6592
6778
17372
8706
6884
6882
6984
6884
6978
7036
7116
7158
7098
7302
17470
9026
7874
8196
8316
8340
8460
8844
9016
9060
9146
9278
9442
9478
9520
9588
9640
9650
9748
9754
10012
9866
9902
9914
9968
9974
10030
10028
10062
10136
17454
10302
10240
10278
10346
10612
10434
10630
10740
10836
10832
10892
10884
10950
10950
10988
10990
10992
10978
11240
11314
11412
11474
11504
11528
11550
20612
11768
11746
11740
11778
11932
11970
11978
11974
12174
12246
17904
12422
12450
12462
12484
12528
12546
12544
12584
12574
17624
12690
12690
12710
12692
12704
12722
12746
12802
12876
12882
16636
13302
13338
13350
13408
13422
13412
13456
13616
13698
13708
13754
13784
13828
13964
14262
14292
17532
13972
14056
14110
14208
14370
14394
17294
14946
14672
14754
14630
14640
14664
17136
14820
17066
14786
14794
14924
14936
14988
14984
14998
15222
15088
15166
15130
15128
15142
15170
15206
15212
15192
15274
15282
15326
15336
15316
15332
15366
15384
15444
15534
18106
15640
15566
15680
15670
15678
15694
15890
15990
16204
16010
18918
16460
16296
16290
16284
16290
16342
20064
16784
16786
16982
17020
17042
86
166
204
268
190
344
244
310
554
294
300
370
342
19664
606
362
394
448
464
474
552
6040
832
694
698
728
772
758
794
800
824
846
860
926
5932
5910
1024
956
962
966
964
994
1014
1008
1034
1090
1094
1130
1140
1190
1190
1214
1200
1204
1282
1300
1304
