0
38670
8144
47708
43490
40206
27114
12790
106276
7226
28534
79346
17096
99664
24262
48266
45790
62308
12664
49966
43756
26476
26080
24298
39706
37074
30316
38232
10056
18342
56848
17098
7020
40286
14248
14000
24446
8374
20100
36278
23774
27380
3886
39380
37524
8966
18544
16316
1008
28484
44552
9734
41328
37394
17154
10654
13766
6510
24522
20198
17298
36702
17792
29038
9368
9176
29208
31254
59148
3074
17116
3678
5904
21142
28682
30484
47042
34704
37536
14462
21100
2502
18162
2598
21494
74518
38032
36066
36776
6260
23546
9578
15474
25370
13264
36102
20440
36976
14194
26794
28848
5784
17790
8486
31208
5186
33082
27112
7724
14642
14400
11720
26682
39324
5792
5404
19412
51668
19352
12818
20198
37434
16442
34428
34038
27602
41406
44026
37584
8632
22274
37298
28880
12842
29866
21218
9140
20434
17786
17648
4810
11480
41864
6364
35942
29274
1796
26708
13014
8078
23830
15012
20648
25190
12202
17824
24876
1992
16946
12472
8140
37776
22990
41700
11930
36200
5056
34112
2242
27972
23566
27096
16484
21606
16024
5446
25240
26828
19136
24284
12370
20456
2250
9060
36488
37452
41540
47236
51804
28944
36750
11164
36344
25630
25900
36180
38372
29146
5542
29888
28412
8468
1908
17978
20846
18790
38554
37696
18170
6130
28938
25602
34168
24820
11860
28560
31004
10558
2902
24420
43704
3490
37312
31976
43152
20230
2184
27860
27344
24600
5192
28250
20990
24528
6926
26662
20908
25278
36368
2594
1022
8194
44798
20736
45378
19836
19352
29410
7582
4994
36262
5672
36130
28254
8392
11830
36236
8212
38210
4716
20050
42714
25508
28664
38230
36808
21048
31600
20700
9402
9314
37504
25180
10994
2542
33838
9858
2388
39330
24350
29666
25980
24050
12246
36808
44218
6148
6030
23578
9220
38372
25948
4246
27726
25574
22416
2430
19836
47856
3748
36598
25370
36306
7302
44692
31594
2444
28358
22198
18306
25210
32090
24226
6570
3214
17122
5860
30366
42706
49448
13502
29344
17408
2116
36462
22546
27230
13366
25078
29844
42050
22098
2620
38034
18704
18536
28136
26038
9398
14170
33444
24266
9694
12636
6202
6490
20742
29134
45160
32614
57124
42262
30918
28546
2978
19778
5066
25168
32638
14240
3780
2480
45474
26662
20428
39624
9522
20904
14620
18314
36520
38568
25550
18190
23384
21224
31376
18806
2314
25052
21456
50448
6078
40204
8546
1884
2440
4962
18506
8676
5870
29226
47022
38780
22418
37726
11752
7076
1358
36396
20486
36296
19444
20434
19754
2840
36634
30620
37626
25702
10328
28186
12788
25744
9462
20674
2396
24802
6042
21498
37684
41488
19468
9460
23692
6772
1628
26856
4148
18338
37784
19924
30070
2712
2836
4334
20826
19514
25554
20764
26098
20958
51120
27706
1772
8440
3524
20272
5310
20324
19782
25354
33496
24368
37786
27330
24796
22544
10368
1906
27492
34714
4946
21432
25522
17976
25064
25972
52686
38422
51500
33826
25080
11652
100
12714
9060
26402
27176
38088
18920
25672
10048
29190
19696
23724
31642
9360
2386
54630
2844
42698
28700
23736
19894
3362
20652
6112
30264
27062
11684
18060
17800
9960
33694
21572
28926
48734
20922
25176
20958
8554
3668
27788
8426
18780
37800
8612
2518
8440
3830
28410
2490
5060
37606
41638
20312
2236
19796
8560
31958
20150
5376
29458
958
27346
20428
24984
1958
7728
52288
18022
18108
8630
2778
33904
22374
37120
24496
36468
26762
102
36380
2824
37218
8656
24520
6078
51702
17088
24818
27314
14270
38518
5950
25102
24230
25296
19334
17950
37938
18486
12864
30272
29746
9422
19582
19772
12904
29096
9368
50916
5202
8564
4544
23402
19972
37630
7382
1456
19972
8006
20392
25944
3660
41920
6656
1770
18564
18280
52306
26078
2562
18038
27968
4930
2554
28928
22404
17028
11748
2330
24100
51490
3096
14686
4452
9356
29754
25358
17976
30170
27484
3592
2058
18680
24818
27858
26960
39830
14450
27596
41302
2290
18580
2364
28298
14492
6342
25384
38662
3970
3884
9422
27526
29024
28834
14588
52996
1850
27712
16146
34698
36764
20864
5490
24658
46160
2896
13238
42988
2560
25056
25200
12942
36566
4842
31624
38546
27536
31838
22566
2640
27816
25096
6854
27568
47828
11716
27100
2844
9540
38006
48916
19984
25680
18330
20488
2502
16000
19572
36984
28182
24910
2926
10618
5122
12722
6112
31928
18524
40514
2910
52222
11656
13618
6032
29198
10868
19952
19822
2548
9448
38758
6716
24368
18046
25168
6220
38174
18112
18106
19980
2598
50424
5184
18032
2188
24822
28974
4428
30142
34120
42456
3038
23774
24652
26734
12032
39490
16188
3926
24744
16140
2834
2598
6092
2086
836
27936
37280
5846
25514
39944
26708
11618
24486
28036
580
24814
5060
6900
2506
20548
18460
1672
8454
12892
3830
18120
39112
20700
4470
11334
9232
20824
4922
2508
37068
18706
12940
12212
36580
34394
26278
850
36728
20436
27798
13012
11602
19614
37984
52518
12880
18906
24852
2940
6504
2138
25720
16284
18306
29392
10072
19896
7134
18070
4516
3918
1954
37422
9622
4272
50528
36554
27092
47882
31038
19952
12604
21954
38280
17520
4974
35576
14416
30638
41220
43084
37962
21054
17826
34558
3314
38008
34222
31718
16362
41206
1198
26848
25552
20694
2940
24640
29982
5908
21706
26496
39172
13022
36236
48656
2752
25252
5106
28316
36848
23854
19520
28614
21388
9484
20492
11960
25538
45780
30122
2754
37908
29766
51042
4894
25784
29342
6934
18102
27370
25354
18366
46956
18584
2374
22386
6004
38052
35964
45440
28340
27992
36858
21244
30434
8432
3210
4748
30882
11812
43248
9670
38432
38680
6032
2570
29574
4056
37046
8962
6668
30630
12022
47630
25766
22866
20668
28116
9356
25452
5152
43696
6126
26966
28902
21600
18788
38028
19408
26584
2014
3914
16234
25700
24794
37976
37778
38674
25090
25104
30698
55958
18308
17552
17268
1636
40612
25044
25934
33392
27226
9710
3976
18536
17204
12874
20052
11800
13078
29534
38588
28268
20096
3666
14262
3114
51896
3626
50726
37868
25520
30226
27196
30190
25060
6614
24776
3014
40856
12682
9322
37270
6244
25158
21900
36938
2016
36640
25092
26206
25756
9240
25586
4756
44902
19638
5962
21578
24978
9284
38202
19424
28778
38058
27522
8598
30898
11850
40540
35774
26624
17046
5406
51856
39726
29146
18572
38228
5252
25424
28638
30478
11472
20660
37830
22680
5946
21460
25842
28230
25746
19812
13106
51840
9954
34570
6780
53178
37226
26380
32674
1904
18896
38106
3046
38800
8334
37958
19200
48172
2800
27304
25894
14560
28914
35566
40862
27066
3170
25318
4662
38070
22092
15152
4424
23054
14520
1020
27558
32388
5140
18210
25220
9486
17336
27346
44762
17420
53062
17706
19884
29648
26162
25898
34146
39196
38586
4436
34534
49516
18682
4404
4012
28818
6046
2344
8526
35844
38424
23954
28730
26074
4414
646
2570
2336
11816
19686
26000
25732
19710
20560
50396
14486
34270
42670
38020
7126
38786
22560
4744
27112
25584
38278
1680
16488
9622
16202
24740
6094
29560
23644
25224
30610
28028
2552
18768
28820
5152
26490
21272
25522
19906
35904
52214
9366
30424
22716
1502
3588
28288
38208
13274
27484
2024
2544
17330
25470
2824
17428
28224
52292
4224
22632
45612
33998
10516
32456
9236
17654
38586
24958
27024
25682
12064
41846
29814
14642
5726
8574
8094
30912
2874
38442
22648
34612
2618
26120
3348
25486
6788
39144
38304
24752
3584
1552
23602
52496
3484
24604
36882
26626
38658
37524
29618
20326
28238
36950
36614
3146
18462
8510
50568
39080
13258
7004
21916
4560
38710
23888
23122
31324
28300
5374
25578
38454
28630
20434
29908
14766
48470
6860
38018
692
18520
31572
37316
17826
9644
2654
38200
4998
38212
14670
4018
22396
24076
52848
31050
34658
15726
11860
28656
8312
1666
5036
54420
39956
31816
6160
3950
35874
28124
22440
9032
19706
56570
41838
4310
2634
13102
25572
20102
23310
42754
12190
22310
25436
34512
4806
21578
39538
39008
4616
22140
21284
38866
25696
37450
51046
34006
40760
2938
26346
28128
2846
31150
22980
29200
26080
26410
28970
29144
25546
26296
28722
53502
18484
40854
37744
30674
21414
25688
51348
34442
21718
6036
41918
28014
36914
38558
21460
37458
27952
37966
7026
22678
18728
2176
21672
40022
5528
36782
20626
4178
13236
34924
2566
30534
2038
55824
22954
4442
9510
3528
27452
29136
43414
25258
2306
11928
39242
38264
39104
27364
2892
38190
8606
29880
38790
25734
2624
8722
38662
28020
39312
20410
24686
3126
8504
6994
34022
21122
52570
28522
2698
37364
34950
32650
25252
2884
20258
9690
3032
50858
11872
34368
39340
3290
5982
21112
19584
42992
12064
20736
28166
4406
40096
29676
13248
26042
39264
30754
21454
25094
21234
38380
38356
3924
25590
31298
25668
21374
38668
26926
22888
39968
35980
28456
27972
19050
26600
10056
19130
26498
9568
13854
23912
7796
21396
3144
2516
17808
40078
20640
2578
21850
21042
18286
27684
31120
7920
18314
20720
9466
28500
27196
52664
26902
18780
16460
37274
16606
18296
3022
5386
20848
49608
24288
34150
30130
5410
12054
21064
40634
36944
20736
9578
20416
30692
9380
32796
27896
30244
29638
53426
19184
39296
29516
48008
13120
39542
28050
37174
25982
4220
24380
15954
2876
6326
21490
9034
20662
37976
37740
18964
37844
9732
46396
6490
20782
26566
45894
20690
13276
27584
32760
19766
3788
2898
28160
23664
6944
26812
50184
30568
19020
21014
18962
11398
19124
19130
37612
54516
5784
6320
26350
20986
39752
3024
23750
28080
23036
29044
30792
24574
22518
4600
42024
19946
20398
36406
25622
6978
6272
11962
7760
4850
35304
25010
5394
53258
13404
21196
18550
2970
20166
46998
8656
25204
36998
34074
5402
37048
3250
26454
9736
9752
37056
9554
9362
15504
30292
2584
6034
20120
2440
2060
23584
3782
6650
2628
4818
25326
25654
8608
52192
39314
47362
19492
3596
18014
27030
3144
25820
30586
18320
26210
4772
50374
5376
40706
2492
37020
36698
27910
37160
44952
25210
6326
19814
21006
39040
18226
12108
27332
25426
4566
25210
1186
19336
25760
30406
21478
21320
3428
9322
41594
5144
18414
7510
30374
7156
18814
5442
19178
24420
38674
4524
28672
19548
14646
3794
25360
2570
42112
30810
23220
51722
34488
28430
20538
13242
52580
37088
5878
29202
34980
26354
41830
974
33984
25906
6024
23420
4908
18472
20314
23092
2392
26174
24806
4182
5430
43538
2182
29120
5106
25546
7216
16698
18654
9976
47806
4376
34966
26002
39034
30962
6228
11876
19942
4814
46016
27970
9752
12146
6074
9078
27558
41612
22276
21920
31846
42598
22020
37496
28584
22730
26938
25792
48492
27318
22740
29474
15450
20540
7058
16910
39296
29274
48942
5180
54274
24298
2420
2830
35888
12442
40438
25850
18136
34986
3476
2006
9956
9394
38212
26018
33054
44530
17622
38220
41874
12224
37294
30780
21372
29530
27324
27426
30218
2012
26674
48430
38382
13124
37442
4942
26610
12402
26098
20626
6330
4786
14602
25828
25554
17680
27112
31490
29470
11986
9560
6184
19118
30588
32944
2506
39162
8748
3206
28080
17444
7014
25804
25174
54098
52966
38778
42526
38286
38540
2196
39596
5426
38648
5142
34278
40592
38466
34394
14752
30816
29452
5428
22724
37842
2624
2490
4508
3768
27412
11976
25310
43784
2408
4068
23024
24890
21806
3516
16614
20654
39406
45468
25998
16638
12522
3198
3506
21958
47628
6544
43156
28314
19240
37392
20196
2464
35072
35096
28772
38070
37524
37282
28176
20648
26244
48100
9824
13610
37582
24502
26886
5002
30342
10340
31778
26832
28236
26690
14644
28172
26034
28168
26322
26194
17670
7012
28128
25544
11522
28194
28116
35214
4606
31886
18954
9534
22368
28890
21556
2978
19262
5910
19004
3256
1050
33702
54308
26348
30538
27688
58334
39066
26512
20058
43196
20308
20054
35830
4190
25300
26550
12258
2008
43876
33282
24354
5704
9634
27044
4736
32022
5800
7206
19688
13302
13592
53286
26350
8764
2794
20996
39802
34250
21428
31650
15178
8088
35484
52742
11884
11974
27656
8452
37420
5866
31136
23416
29240
20716
3758
3586
7650
20788
38110
5048
25694
20886
22502
3124
21486
20942
38310
37334
13318
20494
8754
24258
27024
7490
21414
37872
2974
20894
37534
20820
6454
35390
37448
17034
19022
22024
37422
12616
21084
53862
38068
37676
39450
20512
33758
4534
46042
25590
27082
25772
9306
7738
29398
25828
17860
13320
9640
21722
17992
29150
37972
19062
30500
49698
6250
54378
40580
27026
14452
26720
3800
38468
2310
28260
21550
31136
23316
13708
39686
20826
13346
34056
12086
38886
16880
13594
24798
2728
9500
29494
3718
24668
39358
14022
8810
20382
30762
12030
28760
3726
30066
25614
35294
11878
8460
28350
6412
53418
18038
17686
38492
28974
53892
17530
43366
9890
28318
26910
26268
13470
29542
3642
29182
26654
50162
4906
31170
23118
26438
40184
32834
35572
51148
33104
25860
28976
38876
39074
2128
32252
25760
25990
100
32842
20438
19142
41598
42062
29242
39416
26938
25676
36660
4528
20786
1406
18948
39840
26196
40806
14784
25838
18674
39726
26078
5272
23440
16694
30418
3404
16538
3756
19672
1862
29494
3030
28838
38568
2912
17742
17640
50810
34490
20130
25418
2670
25504
9654
38480
13354
25818
4860
25946
4400
37326
3116
15076
54920
29384
20944
6386
8342
9630
31714
30582
37840
5582
35100
13158
3478
6948
26388
2548
23388
28628
22572
3902
51188
18920
3010
29534
21678
3360
1672
52998
29984
38054
31146
38080
21650
27552
8890
21926
26496
30326
19092
25932
33166
26280
14138
3804
23772
11958
36992
21188
1300
48094
37678
13440
28530
20748
22856
35170
3092
3074
54482
12288
21298
31134
26154
21646
29430
34730
5216
3284
21682
5970
21588
21562
17074
18628
8848
3598
25934
20944
24426
6172
26064
10054
4864
18480
7110
1212
18796
18564
18534
4748
31472
37968
2230
24270
54640
38888
38900
30454
6200
18858
53506
2044
13256
3542
20700
2416
3476
2562
18648
27858
20090
35578
38692
8746
27490
3906
25700
10158
6314
9490
30268
38940
12186
20614
29204
3060
53698
21052
8950
23430
20350
30938
38428
53668
15010
35256
12086
25570
22668
50200
25646
28988
30512
15092
26496
26384
1570
32380
16772
5168
38382
28328
53372
26840
48656
27070
12132
3110
37920
5314
6978
4654
27758
3526
26238
40496
37918
5204
23902
4462
20622
19162
33866
19192
35888
46344
3594
39800
31534
25610
3374
4318
21916
21930
21972
30950
15424
6072
16882
22262
25926
18892
39794
20322
12144
25570
6010
21934
32568
53688
41080
21154
39746
17650
13730
28638
24732
4852
20312
40210
14892
39692
38978
2738
25458
25706
3852
5954
23132
4222
2112
4576
16956
2742
18216
20672
15078
12138
33094
40576
31282
30634
1224
1898
8644
2756
9698
26476
13308
7578
33056
22882
6410
21752
46338
29886
28654
19882
29812
3268
20972
2572
31656
38258
21746
36196
21062
53678
51930
23398
2270
24834
28214
4200
18456
30704
1420
26348
9932
43618
18580
49184
39282
26074
31012
18406
2232
25746
38888
17362
34862
21564
12248
30372
40016
4894
40004
20776
15350
26400
35796
3508
7224
25408
37952
3494
18858
30754
28422
27822
3732
9872
2874
30686
13248
20638
54566
44504
29144
26854
25082
37942
19076
6468
18998
4552
43442
21976
39056
23062
12074
39060
24312
31504
38320
41824
38566
36436
18398
37978
9980
240
24586
25756
3110
31542
2918
19024
2726
5110
3602
29244
2084
12480
3402
31010
18744
30644
46342
19024
38016
46636
29480
21240
5768
39772
28350
4196
20552
39328
31802
9762
5332
6094
22810
30602
51460
33122
4384
44538
39556
22846
37910
26520
18586
6278
3148
37858
28136
25828
4520
5838
39760
3050
26610
30504
22720
24840
38936
25136
23386
4556
2596
20812
7496
3078
3062
4198
21730
13222
41384
2980
5318
23404
20718
34820
19582
18168
39442
27818
9686
25946
32496
52940
37150
36994
38110
2558
37332
24472
28828
53526
2768
1932
36938
31278
23584
13134
37090
6356
38118
21692
15866
3054
4412
35976
27596
38082
29718
25482
2654
20852
23074
21368
34144
9596
14562
25674
21454
27968
11930
3846
25192
19140
6064
5238
2544
4434
53050
26580
11776
3190
22878
29586
37150
27614
26092
33702
20712
20630
39050
3676
21546
23292
20862
30268
25860
19912
5642
53902
28764
8674
50254
28106
33578
40066
20678
21476
26410
25444
20010
31268
19934
28946
52224
20840
26676
3026
5516
21026
4088
47434
21340
8072
3572
13454
39218
20786
9470
44734
23160
37524
2946
26082
5498
18572
12154
27224
50340
40186
4166
5008
20936
26128
4450
8668
9990
39594
31062
25462
36902
19136
30426
25564
32924
25636
27194
6182
4898
27614
51092
8656
4206
26056
28852
20824
22384
9892
1770
2876
25198
20140
5276
2938
5238
42226
32066
6070
20792
2740
37064
33106
3126
22756
17458
16434
20374
38536
39024
27996
16916
30332
14704
32992
37698
20348
26196
14766
53958
38172
29340
11860
13230
21630
31238
9570
37234
26386
25534
31334
16798
16384
41666
21926
16836
16530
37364
12120
3374
16540
2136
4426
20554
39032
29142
23100
28632
28446
3206
36102
42248
4416
12156
25880
25962
2962
2924
54390
2698
9246
3664
1528
26204
13418
35206
28748
2606
43256
21030
20896
5060
49054
31156
2076
27824
23164
6246
21432
16772
37794
19166
25640
50406
21198
11992
7182
14854
30704
3018
19442
27898
9838
39136
11930
44310
3950
15036
21458
13306
24458
32598
3138
16518
19206
31560
53336
30998
13904
6360
2962
25840
25658
4116
52694
32890
12006
27828
20310
24824
8524
51010
1128
21412
2084
25950
34916
38892
52506
26852
41620
18246
14042
27342
30010
24268
3122
37956
35944
29152
31048
28992
4364
7046
20740
28392
24324
5068
50368
2186
31032
4906
25800
20460
5572
48292
8572
18396
2616
37394
2554
40272
5388
4570
18458
22830
23594
3150
34506
2940
28706
36496
40566
26232
28636
18402
20858
23210
2738
12202
31166
38946
40664
21602
30616
25486
9354
29686
29348
26100
23604
40516
24822
37128
26954
56098
30020
4066
13140
29518
25550
7218
22924
21608
21280
30468
1934
52076
2890
11872
18958
19182
4092
16382
39722
18782
53040
38984
28730
3258
38524
1116
14924
27238
28808
24786
29918
21650
37768
18592
29584
50056
11916
26812
23664
37366
37934
26016
27776
37392
20528
27366
3670
37310
53956
35342
38610
27702
24584
42528
5446
20952
22536
3026
5284
38864
31256
38150
20312
2238
12110
22910
26514
7076
23498
2604
22502
37528
2070
13518
2244
3350
310
21570
8658
21718
37332
21506
35168
18552
4878
36998
18100
21376
22172
65922
21942
17138
31160
28238
5442
1910
4682
39268
5476
28250
6444
1916
28742
52122
26296
12134
28748
17530
3134
3078
2562
23112
22002
29670
41126
20920
37460
35672
28578
25340
47790
13378
14200
1984
9738
23298
20854
5350
40486
21252
38570
38524
12182
21228
2906
38562
26268
3942
38658
30686
31384
17720
2536
37916
27724
23384
6024
16498
13446
53346
1248
27320
31100
43364
21232
16632
23108
5206
38468
9706
36840
26212
28914
3428
16964
2060
54182
2540
29712
17072
2462
26596
117454
1878
100614
28834
37368
28800
55926
19556
27600
64910
29578
42026
7052
23462
53712
25028
16552
22614
17768
29592
11818
22418
14560
9102
42322
4816
29366
51400
30610
50474
28508
29550
13612
10104
40688
39404
49528
7464
37738
2804
27970
1160
5526
56190
31256
60922
44324
83946
2814
32112
84990
43184
23184
30988
41204
26768
29324
17512
39972
22726
17468
6650
6830
11704
2596
22138
30064
26440
15412
18790
27236
29828
25390
27758
25450
10634
29804
23712
22484
21056
3898
18500
53868
2140
3274
39970
30484
5882
23256
19502
32060
19106
49948
17126
22568
2238
38672
21994
5722
9832
6064
3106
12162
5948
15648
31594
6864
10212
21500
55312
45916
5516
28094
37986
40582
29490
22510
22090
36356
42048
19640
8672
40262
5706
35328
37812
39294
18734
39550
26430
29890
29604
17664
5042
2704
26826
21716
3178
17128
4378
22406
14382
12474
47064
28882
26502
8942
9962
38224
18080
6252
6694
5700
14002
40010
2506
54718
52684
36288
10156
2898
6708
21394
4386
20328
26792
37030
9762
4012
31842
12648
26766
8866
14026
5088
26688
4332
54916
19642
7444
2922
39872
6170
35492
27080
39074
53820
30772
31434
31802
11496
7210
22694
10226
31222
40442
24960
26348
28792
27334
55782
18158
22138
24034
33130
28700
8704
22184
6678
41674
18960
35428
4168
6772
27962
21356
2664
20418
12436
39890
31604
37512
26662
21146
39388
22166
9352
21288
39114
30682
21600
6720
15866
14226
25790
40268
41342
12154
2486
40124
29638
8094
56646
41290
34524
39226
26478
24400
34486
6522
30522
51016
21780
27272
38796
21414
29520
29354
12844
3406
52326
41010
27124
20822
19332
36774
9942
10358
31952
19634
24386
7260
22708
10402
6218
17540
27786
7710
13234
23346
33960
9138
52520
17154
8960
20690
40334
53876
18768
21602
9152
6650
27936
5286
4238
25732
20246
42386
50786
13554
35888
39896
26408
6884
6814
36938
41808
26610
16016
26654
10144
29910
12638
40500
25828
16112
25936
3040
4298
12124
29172
19556
18074
39218
26386
15416
28736
41156
19600
39876
6674
32368
54668
33110
26382
40452
43288
39280
24234
20386
9074
2638
19350
12890
26050
40632
36802
19426
21804
7810
9926
16162
15324
48584
27610
3222
31274
26480
10222
6718
5904
53792
21202
11398
5780
7584
27000
9976
6690
6782
44336
3384
20734
7478
24714
37896
9530
14036
34660
9746
30120
14326
55530
25632
39542
39318
3330
37854
5276
2092
24930
43712
39324
19050
26964
8824
6618
26838
12272
40634
40544
35474
27580
20846
26140
5766
10212
19864
30088
3048
4712
28496
10114
6576
17942
13802
26380
20870
5098
25500
8462
24022
37478
54686
18552
13906
22582
9216
7864
5810
28858
17212
38280
40412
59160
19204
21250
15284
32430
22194
1856
7282
74
9612
14406
30706
4330
13840
20934
25344
51252
22156
17224
52888
36220
22470
25984
38764
23078
3956
20862
22252
22204
26332
55442
7124
3030
19422
27694
53962
4162
19202
14134
3976
40146
31094
9068
38816
40526
4576
20768
18194
30516
40040
7660
21518
9256
19986
38826
25398
26848
24010
5600
47420
40246
20728
31064
40468
18032
28504
32656
40504
39400
28948
4556
26648
23118
34394
13700
10056
29536
26618
39586
30304
26792
3866
4186
27242
20716
19060
30386
3846
24018
37102
6782
10832
29646
32076
22228
30294
21312
54310
16330
29796
22396
26506
21108
54376
7488
30296
39868
24382
21040
30772
17374
7482
19112
4376
5248
19794
17640
26570
17288
44102
26534
14032
18148
39434
14110
18274
24938
19998
30806
39194
14324
37004
26994
24454
54234
22324
26168
4078
7434
51392
27546
30080
40538
26284
31370
30890
25182
21696
21082
40244
21742
19796
4874
22088
22052
52502
26280
21560
26500
54960
6846
37062
46558
23244
6706
31698
28976
13826
40158
6340
24248
39422
43662
40618
39494
12586
5224
39618
39446
39532
36690
24612
24422
1382
26364
18638
5932
24792
9300
6956
3374
3654
21974
44720
3584
20384
35670
31904
5208
30686
30450
10572
27148
26352
36768
7756
21854
34854
22982
3194
12482
22350
55206
6694
37930
36834
4794
40340
25154
29380
4738
24884
55836
14086
39064
27452
26648
23838
38114
8116
3582
1136
4702
36044
23854
26970
22298
4440
36442
21102
20652
24638
55560
12660
39636
24166
3898
8074
39058
40390
26704
26408
22382
2490
22072
22766
9184
22356
30144
5186
27230
6804
4264
29804
6722
40532
23036
4476
28076
32478
26988
29098
20000
26774
54922
36554
26558
16236
23008
26130
12870
12620
34584
26656
30664
55798
39646
38716
20482
27618
24194
58884
19656
6814
40106
19220
40108
14002
29376
21040
27180
39102
36600
27002
24468
26456
31014
10390
4068
30150
1842
14006
18382
23452
27922
27000
29108
3092
18404
32902
5442
21222
22716
36342
56978
22240
21434
12890
27442
21320
21676
30298
33014
6632
26430
19766
45750
6676
7882
38866
24722
55034
30828
40390
38288
17498
25384
29294
42028
29872
29260
31456
38926
38774
21808
29570
21502
26508
26746
19624
5670
38896
6632
27176
36474
9202
28670
6690
26202
21218
38458
18276
55426
3428
10474
49822
14450
31984
19860
4090
38434
7662
32680
23884
22596
17526
34450
14046
37564
6520
21308
26866
19140
15410
6190
40600
45452
38210
24774
5916
55518
31226
31146
5766
7792
10146
44924
28130
39704
3210
4928
23104
6630
28766
13738
19170
19870
28684
24390
21524
41410
10054
3574
19264
26612
7290
36556
39780
39692
10322
10070
18410
39702
30596
26402
7676
59264
40330
40916
19450
39822
4408
18276
27132
39742
40380
39254
1346
25282
28722
3294
28922
42448
12924
1710
6754
24488
21362
31340
52884
35120
26026
3156
22150
45000
40590
4708
46096
23188
17366
27178
4398
33314
3418
5808
27582
12990
41544
12822
27410
19200
6822
27122
2654
22076
32940
36282
810
30602
26254
40990
40262
29788
5636
31700
22544
26922
26108
28596
3024
2010
10424
29322
29042
37014
43172
26492
23538
2786
56154
12508
3274
1458
31420
41744
33392
37498
22304
42722
12722
24514
5666
26628
29816
51758
39846
31392
28926
31072
36822
27030
10364
22658
19636
19840
26818
38466
19318
2654
6150
12694
30236
22544
9372
4500
6700
27382
7616
40344
54276
4632
10246
5746
18654
5766
59284
41190
3432
29768
27240
7022
4666
39732
36526
21642
31564
38842
2606
41166
24048
40586
6858
32164
3746
1898
40498
26344
54866
10526
36356
28388
46972
3502
42770
24784
26912
31728
2576
29892
40218
22772
44274
19836
31748
21488
27194
55948
38920
34354
10260
27150
3040
14032
4016
29368
2010
12758
18716
7662
14036
50632
44034
5804
31394
31682
24418
17378
10208
21628
44998
34946
6614
27416
26864
32150
19236
29332
8734
23052
10428
19806
20826
4710
7368
31146
22598
3768
39498
19424
31236
27188
19332
5628
55376
54808
8854
9588
26554
4848
28252
20076
43328
14330
36918
34794
26898
24748
27394
24924
8408
28668
40714
4430
54458
53582
36092
26568
39686
31592
32278
3576
38710
38388
21886
34708
19956
43144
27278
38506
27206
27224
32644
38840
6854
3492
7744
4440
10530
28738
23004
7498
27240
29182
19514
12978
31312
32446
14082
32816
55280
47572
39982
36914
21918
40014
9298
24158
40994
3038
12784
2736
28528
32280
18196
3318
30594
50308
21906
21736
17550
48050
31828
19880
14072
37926
28602
12124
27222
40388
32614
11250
7678
27888
16696
22694
14036
43760
21078
31304
3562
4530
22816
29334
23780
59508
26668
60590
40342
30692
21930
27018
39486
45880
5872
38798
37382
27082
3568
4882
23846
10572
12988
27420
43832
37806
3650
12814
22594
30428
1732
25172
22450
29838
2650
9016
29870
30904
31786
53532
29576
9432
3132
41478
28320
23164
21978
728
3002
40848
30226
386
38398
26624
3526
26670
38724
20120
258
26792
10278
16038
32926
22674
40174
38500
56554
4936
39934
29318
27150
3428
24580
9178
4004
4704
23564
19926
40680
26394
39806
3526
10404
26304
31242
3536
3770
3892
7688
53838
23740
5362
35988
19270
56204
17716
2012
17832
25840
4898
42650
40896
22744
6826
38784
31828
49590
30692
30626
19240
7804
21946
10352
37380
2538
27274
7388
5132
40618
14626
6844
22498
4988
27444
27662
26636
54988
54672
20390
25572
38754
4068
10246
29430
25904
31256
24724
27006
3744
29414
26432
2806
33190
39466
22128
54830
3502
31000
27244
20520
24258
6566
10188
55208
2730
14300
46342
28816
24608
10494
27634
27106
26690
19428
37234
2024
7584
4386
4108
25902
3226
31408
20440
50914
20918
19772
5846
32836
40666
55484
36954
21112
6616
20700
38660
27380
27276
9330
4688
5026
22780
18456
2620
35270
28998
5022
16192
3564
29458
3404
31766
33150
57264
20256
4432
10582
55648
14020
25902
14404
44156
40074
30408
30612
33082
43792
27218
22870
4742
36800
39628
